4 512 5 2
10.979949 7.457782 8.451550 9.209813 8.214314 5 5 
10.102245 10.993149 10.626242 8.313495 7.390464 5 4 
8.609558 9.344702 8.974563 9.807421 11.024867 2 2 
8.748427 9.750304 7.500654 10.984290 11.039568 2 4 
8.531698 10.229072 8.154972 9.800950 10.757737 5 0 
8.209853 7.797255 7.266844 8.759967 10.097198 0 1 
10.665230 9.828550 10.455841 11.125656 9.898152 2 4 
9.744584 10.854290 8.758610 10.714219 8.289097 5 1 
7.323895 8.608816 10.408738 8.760875 9.659793 3 2 
10.497494 10.050824 8.203864 9.018546 10.500825 5 1 
10.143021 7.596486 10.892496 8.219573 8.207768 2 3 
8.050772 9.332488 9.251415 9.126508 8.648345 3 1 
10.534912 7.960704 9.074322 9.122349 10.003817 2 5 
10.581130 9.816670 11.050476 8.381300 10.731044 1 3 
8.949423 9.450231 7.426783 9.796286 11.132438 3 0 
8.701641 10.061179 11.064443 9.915350 9.638396 5 1 
10.646146 9.791184 10.626217 7.909621 9.473417 4 0 
8.410351 10.589318 10.230916 8.301378 9.867421 3 3 
10.343438 8.269665 7.523660 8.069364 11.119122 1 0 
9.866373 9.584996 8.052555 10.716216 9.949750 2 2 
7.286944 9.228335 7.724980 8.763343 8.988585 0 4 
9.055494 7.478775 9.099736 8.651558 9.770162 0 2 
7.353662 10.696690 8.520990 8.490590 9.443841 3 0 
7.678639 10.681766 8.011088 10.088024 8.896178 1 1 
9.629848 9.988598 9.166289 9.765334 8.665998 3 1 
9.844452 7.448800 10.034665 9.758756 10.689286 2 3 
10.378001 8.249931 8.469350 9.283779 7.697757 0 2 
9.558347 8.980539 8.861389 9.887683 8.622871 5 4 
10.672762 9.290598 9.495311 10.435787 8.092781 0 0 
9.371405 8.706572 8.295949 8.481241 7.471356 1 0 
8.936086 10.889937 8.125983 10.670222 10.426126 0 5 
9.849606 9.160101 7.631457 10.975960 8.628208 0 1 
7.966196 11.189046 8.481580 9.741669 7.569660 0 3 
9.580268 8.597405 9.086640 10.574793 10.306889 1 0 
7.744505 11.036416 7.349868 10.080247 7.395438 0 3 
8.655509 7.888990 10.447102 8.587922 8.979993 4 5 
9.677587 9.706881 9.812691 10.381388 10.406305 3 5 
9.718276 7.746403 10.495719 8.815435 10.584935 0 5 
9.942309 8.544466 8.811841 10.853600 8.748771 0 3 
8.637905 8.858754 10.868629 10.345645 8.025011 1 5 
9.323718 8.264133 11.162027 9.867326 7.769474 5 3 
10.651040 10.975049 10.950308 8.284904 9.370979 1 5 
9.273786 9.993620 7.838398 7.744052 9.389745 3 2 
8.761557 8.924232 9.607777 8.982681 10.573973 2 2 
9.397524 9.983281 8.540126 10.485237 10.970579 2 0 
9.467748 10.360128 7.767615 8.542841 8.157384 4 2 
10.263447 9.631459 9.027104 9.067690 7.842614 4 3 
7.828873 10.767302 8.264068 7.331469 9.360414 2 4 
8.153741 7.692805 8.788017 9.907676 8.334053 0 5 
10.600887 11.055714 10.907993 11.074940 10.158189 3 0 
9.996966 10.292310 7.719263 8.164059 7.689254 3 5 
7.956210 11.144888 10.785889 8.449495 11.169689 1 0 
7.313601 10.993105 10.004510 10.753041 8.149181 5 4 
8.476374 11.146012 8.484924 9.930653 7.510632 0 1 
9.425192 9.838903 9.129734 9.595881 9.578148 5 2 
8.010569 9.618818 10.883152 10.683404 11.114632 1 0 
9.850976 8.224897 7.411722 10.279549 9.581864 0 1 
10.472691 9.455574 8.457804 7.794037 9.381838 0 1 
9.018888 10.240235 8.863602 9.115205 8.136520 3 4 
11.100096 9.675136 8.455026 8.307433 10.491589 3 2 
9.220238 9.842590 8.747442 7.469739 10.234895 0 1 
7.312918 7.252945 9.083491 10.438256 10.720574 0 2 
10.164960 7.450513 10.119950 9.548314 9.236692 4 2 
9.043791 9.002826 11.098511 8.032343 7.817287 4 0 
8.389383 8.647148 7.305271 9.125735 8.357646 1 0 
8.726576 9.901936 9.359536 10.471113 10.897261 3 0 
11.061156 8.021458 10.183168 9.261167 9.661511 5 5 
8.216043 8.798343 10.031189 10.491520 10.172996 4 0 
8.836941 7.300371 9.104957 10.032421 10.598186 2 2 
7.223430 10.291257 10.841498 9.420853 10.461351 5 3 
9.794046 8.931751 10.540673 10.950250 8.564552 4 0 
8.525924 9.531834 7.485170 7.834181 10.631302 0 1 
8.442308 10.678546 8.121919 9.068888 9.379665 1 5 
8.387678 10.624647 9.304138 11.197916 10.751268 2 5 
7.679240 9.163122 9.968787 10.144445 7.699690 5 3 
8.839013 10.805905 8.368684 11.138294 9.266689 3 0 
10.213757 10.506357 11.051862 9.533725 9.667058 3 4 
7.952818 10.649313 8.412839 7.846079 7.776313 5 5 
11.115996 11.080244 8.567428 9.074073 10.458025 5 1 
10.349699 9.504179 10.646461 7.862443 11.138829 1 1 
8.967115 9.468156 9.531283 11.164927 8.227743 0 2 
9.075131 10.636135 7.581623 10.218830 9.567454 4 0 
10.263789 10.881512 8.534764 10.115819 7.372055 1 3 
8.596908 8.008190 8.938643 8.352068 9.623256 1 1 
11.191785 10.507024 8.708861 9.508304 9.082225 5 0 
11.081552 7.410977 7.290475 8.706897 10.943949 1 1 
11.036945 9.847407 10.006963 9.709414 10.021187 4 2 
10.907313 7.903229 8.321573 10.863165 10.738260 1 0 
9.109052 9.833755 9.538001 8.399748 8.448650 3 1 
9.013856 10.131167 8.062551 9.537478 10.268524 4 1 
8.297732 10.207110 10.985893 9.092202 7.744014 2 0 
10.034967 7.582452 8.043051 7.265825 10.369367 1 2 
8.037026 10.530235 10.838056 8.283569 10.279289 2 2 
8.612262 10.002998 9.823912 9.282065 11.126282 3 0 
9.972870 10.095824 9.792097 7.266605 7.467189 0 5 
10.927497 10.154767 11.165146 7.271452 8.989742 2 5 
8.209313 9.912191 11.051831 9.304903 10.545700 1 4 
8.309080 9.236609 9.438221 10.356221 8.017413 5 5 
10.704045 10.764983 7.904261 8.922747 10.921154 5 4 
10.153650 9.900938 8.769197 8.435704 7.934101 4 0 
