4 512 2 0
4.050803 8.881502 
8.489972 2.120014 
0.197552 7.477639 
1.235755 6.604363 
3.098987 9.793901 
3.608683 0.681992 
0.455309 9.663334 
3.538047 1.381305 
6.224894 3.943509 
9.351453 2.879950 
7.954988 9.739876 
3.430599 3.288658 
4.068757 1.200763 
1.571294 4.146677 
2.544493 5.428112 
0.910840 3.842721 
3.385874 5.276645 
8.908985 8.251065 
9.769156 8.251883 
6.978270 1.037840 
2.455333 4.909366 
0.916983 6.301696 
2.561123 4.431848 
1.615156 4.568469 
5.304693 9.084634 
8.625408 7.937524 
8.556248 3.489532 
6.567699 9.253287 
3.768964 2.555016 
7.725493 9.873652 
8.363199 0.925751 
9.306351 6.912897 
7.242835 2.197375 
0.213643 6.931357 
7.789729 9.637874 
2.875880 1.519975 
7.275959 9.131195 
0.811700 7.876632 
1.652514 3.292917 
1.926724 5.316071 
6.762325 5.819462 
0.014644 1.247081 
8.056782 2.356301 
1.616231 0.353114 
9.332312 4.999078 
9.680252 5.446990 
2.496124 6.345933 
6.501460 8.369782 
3.934223 2.171424 
9.186091 5.845219 
2.818722 4.125541 
9.551810 4.602473 
2.325884 5.680427 
7.854288 5.127909 
3.394831 0.096000 
9.364818 0.290489 
9.896348 6.768379 
8.790623 4.037980 
2.704994 4.332968 
2.682890 5.362718 
7.814688 9.523168 
7.755472 9.282821 
7.611464 9.542208 
2.088017 3.608961 
2.348317 1.489684 
0.728431 1.032882 
5.154150 2.737428 
0.178215 4.815672 
3.495719 6.172009 
9.302417 2.419954 
8.778289 7.142699 
9.327419 2.759014 
1.420539 2.393711 
0.835274 4.823270 
3.962777 2.941624 
8.962366 7.336938 
4.457598 0.969101 
9.793361 8.072311 
9.130188 1.107399 
8.624593 8.729181 
2.264964 8.847114 
9.646947 2.972816 
0.404838 7.463429 
8.696566 3.573213 
3.452970 8.632342 
8.541608 6.709866 
1.116476 7.381998 
4.606038 8.252382 
9.922078 5.118133 
4.987267 2.179241 
2.773588 0.988741 
5.955065 0.382871 
9.718307 0.650093 
3.188594 3.210427 
4.768457 6.155069 
5.182787 4.670137 
3.954595 2.402597 
5.521441 9.278448 
0.219305 9.771839 
4.079692 3.340489 
8.951459 8.697858 
2.552138 4.167644 
4.328271 7.787378 
3.193008 0.992503 
8.018825 3.704903 
3.879702 5.224719 
5.894017 0.656503 
6.405006 7.123680 
2.983569 2.897837 
2.174749 3.334137 
9.374015 1.989860 
3.365564 2.056751 
2.411450 9.726910 
0.368148 6.019153 
1.549686 9.920153 
9.879371 1.787326 
6.622137 4.795482 
6.115798 9.698512 
5.876457 9.741220 
2.351593 8.383432 
7.053592 3.227305 
1.660180 6.798736 
2.687130 7.093096 
4.196866 4.551373 
1.317502 2.700917 
5.292686 6.145668 
5.685113 2.523690 
4.336041 3.072329 
9.582732 4.621563 
3.960240 8.792923 
3.451700 9.609647 
9.122240 8.168867 
8.827664 2.578209 
4.331471 5.788229 
8.605614 7.931585 
0.745633 7.055330 
4.362476 1.085441 
8.973266 3.734403 
1.520320 4.516421 
8.816220 0.429994 
3.757498 7.320376 
0.121249 1.136575 
3.646376 9.773487 
2.807176 8.178070 
3.506575 0.860513 
6.061037 6.777111 
1.433351 9.772668 
6.186796 5.188482 
2.364513 4.096302 
3.199984 2.594208 
8.605999 2.870922 
1.919063 9.361262 
0.347376 6.332531 
9.234216 0.931242 
0.750196 9.150249 
5.725751 6.276406 
1.952324 0.278300 
6.054231 1.845234 
2.126793 7.488815 
4.887912 0.578883 
9.620176 3.427040 
7.213853 9.210405 
9.819893 2.920244 
4.414936 9.836858 
1.360993 5.145276 
6.626336 5.975142 
6.436490 8.467354 
1.861074 8.310706 
9.585274 9.602953 
7.654001 5.094457 
6.488635 9.574688 
9.653900 8.087180 
1.663656 6.313261 
2.444003 1.613552 
2.702380 4.565114 
4.039923 1.741867 
1.655386 3.007754 
2.378443 1.641388 
6.658659 0.323761 
5.641406 3.936406 
1.038687 9.794139 
7.305536 8.297646 
5.950095 0.290635 
2.410033 7.416434 
3.679815 4.838080 
9.327260 2.649843 
0.883325 1.340866 
1.460455 8.478816 
6.408532 7.440435 
6.546754 9.638961 
9.899694 0.687607 
0.532178 3.854279 
0.921082 7.306279 
0.564288 8.438181 
7.512696 1.228181 
1.041874 1.568233 
7.643972 6.511881 
4.598257 3.618403 
2.568413 5.359263 
8.978020 2.228960 
6.587029 9.180169 
5.876816 7.410264 
3.117978 3.582965 
8.786624 6.298831 
4.086497 2.926642 
7.427160 6.645580 
6.564051 9.090046 
5.857376 0.308299 
1.952873 7.873423 
3.416811 4.893387 
1.958399 8.056619 
3.629694 2.208793 
1.302514 7.684808 
8.031262 0.524914 
2.748372 5.573666 
7.423017 4.626753 
0.231236 6.893146 
1.216007 9.879692 
8.855712 2.761797 
2.564698 0.396884 
2.021159 3.102304 
5.712711 3.279326 
5.914941 8.531857 
9.993415 8.487496 
2.785598 0.778181 
4.177106 8.136531 
1.904707 7.889606 
1.137569 2.444154 
9.788424 7.514679 
6.926671 1.502250 
3.647847 4.962207 
7.774723 9.594821 
7.087347 6.987399 
1.514155 2.172076 
6.606330 6.393198 
9.565418 9.264470 
5.659296 2.052771 
3.887662 6.340023 
0.324403 4.786319 
9.752584 7.622736 
5.994097 6.143904 
6.261467 8.376559 
4.796045 8.185890 
3.561870 9.677106 
7.680588 6.278631 
7.411856 5.781653 
4.390526 9.063745 
1.099285 9.686098 
7.925780 1.361769 
2.596736 3.304904 
4.646484 8.267507 
0.439766 4.578997 
5.482823 3.441096 
7.435407 6.925463 
5.299532 2.081172 
2.040554 4.259979 
0.424389 2.748226 
3.172890 9.659853 
9.249394 1.439506 
7.853823 4.545037 
2.929394 8.880406 
7.842265 6.562434 
3.641608 1.334637 
3.063611 4.372993 
5.786253 2.878211 
2.231215 0.453508 
9.363609 7.570730 
8.531794 4.236572 
2.844669 2.869627 
2.149407 5.295695 
5.923644 0.932244 
8.541310 6.301600 
9.161477 3.393953 
4.390747 0.104546 
0.821915 1.490976 
7.785797 1.271971 
5.156198 2.369484 
2.216809 1.778891 
0.123602 5.958551 
3.442857 8.215145 
1.452053 8.316709 
9.706605 8.318960 
3.779425 8.870637 
4.534346 6.016685 
8.065588 5.525612 
2.118840 0.383270 
9.375310 3.064193 
8.760788 3.529812 
3.058740 4.140317 
9.054603 8.040438 
4.026186 7.006192 
9.812701 0.991324 
4.476422 8.238232 
3.969134 6.820330 
2.851266 8.889966 
5.659206 4.529364 
0.697883 0.635301 
2.045081 7.287260 
4.341639 4.165583 
7.853801 3.892768 
7.023412 1.933382 
7.529004 5.403951 
4.874442 0.810783 
8.705125 5.777143 
4.622298 1.753867 
9.074182 3.063194 
6.713480 3.301413 
6.014668 4.758591 
6.152323 9.106505 
0.481273 9.781084 
4.372007 4.892266 
6.596675 3.358804 
4.540632 2.690065 
7.292812 8.197774 
3.409243 6.631614 
4.792143 3.108142 
4.456081 9.062413 
2.864717 8.144573 
9.381792 7.335816 
8.394285 9.111856 
9.986848 5.294626 
5.240825 4.708211 
0.015132 9.805280 
9.355748 3.183182 
5.146845 4.964291 
5.821854 7.827262 
7.829252 6.165795 
6.153421 0.921478 
3.249912 1.195215 
0.784262 8.924151 
9.927335 9.039916 
7.993200 4.739329 
4.305523 3.413313 
3.341170 8.439044 
1.195028 1.157033 
1.978008 4.654307 
6.411767 7.754916 
4.316449 5.219805 
9.218062 6.101646 
6.691411 2.156433 
6.713024 8.809957 
9.717042 1.407781 
6.225241 4.304929 
6.829041 1.299695 
3.844212 3.419088 
1.675066 7.416233 
3.436331 3.922194 
5.054131 9.766553 
2.508634 8.589679 
8.028102 8.105840 
4.019213 0.126231 
8.937252 9.329087 
5.581473 5.543022 
8.755490 7.240945 
8.504968 1.797533 
5.204406 8.655498 
1.622283 1.402866 
5.906287 0.671155 
8.287214 3.463494 
0.960062 8.471712 
8.359612 7.756287 
4.366061 3.802663 
8.505365 9.290682 
8.302362 1.790547 
8.500199 1.911649 
7.513559 7.953671 
4.760250 9.505522 
3.262395 3.004283 
2.176426 2.313985 
6.101699 1.091665 
9.856694 8.314401 
5.801791 4.760967 
5.477836 2.960660 
2.929187 8.806029 
5.560855 4.802817 
4.799809 2.246952 
8.387549 7.945096 
1.533783 9.635214 
5.947839 5.654742 
2.625311 6.979052 
1.761450 1.615720 
7.631066 0.712330 
0.155506 7.708112 
0.305388 7.699630 
6.413213 9.976214 
4.375064 1.944816 
3.460018 7.471191 
2.985839 4.598712 
9.630569 9.604782 
3.424951 4.188634 
6.887986 5.397019 
4.504787 7.915927 
7.755843 1.474620 
2.317935 3.837964 
6.241184 8.819866 
7.636021 7.195541 
9.982291 7.596074 
8.510530 9.919906 
6.414504 1.623586 
1.733574 7.467399 
9.744149 9.743479 
0.542692 5.780648 
1.252029 5.974995 
6.411752 7.859669 
8.977257 3.350114 
9.850071 6.229922 
1.220149 8.584951 
9.573311 3.662179 
5.288182 8.208304 
4.749257 2.772431 
5.601926 8.355968 
0.657881 2.977313 
8.083144 4.681536 
5.426806 7.619710 
1.971173 3.422472 
0.398520 5.597515 
1.435983 2.104378 
8.195562 2.811688 
8.008860 0.085268 
2.966516 7.874288 
2.356167 3.768048 
1.959505 1.297396 
7.386747 6.239184 
4.016031 8.155275 
0.973418 2.619622 
5.529767 0.055882 
3.337171 1.592041 
5.356052 7.301271 
5.609635 6.370799 
4.422430 0.857568 
3.399751 6.961254 
8.932491 0.668715 
9.494800 0.633422 
4.846804 7.182015 
0.671461 8.658929 
9.582099 6.655977 
9.062280 6.046962 
8.536359 1.909224 
3.071016 5.717692 
4.980796 5.646519 
7.660035 1.998459 
6.984556 8.677487 
6.157402 2.341400 
3.813279 7.726701 
5.030836 5.216648 
3.297672 0.861211 
0.309631 2.313699 
0.114377 8.062804 
8.627686 7.896458 
6.480710 3.944695 
4.505934 6.323284 
4.576556 5.868755 
8.402758 1.462451 
0.310365 5.812738 
2.786520 3.392706 
9.803215 2.468591 
5.339887 0.807313 
2.083495 3.802348 
8.683839 2.689178 
5.910235 2.231264 
4.855083 5.561492 
3.488683 9.287627 
9.137643 4.010572 
1.489627 5.555017 
8.843437 4.967586 
9.444678 4.520460 
7.410756 8.916772 
0.048828 2.441960 
5.288066 2.998105 
7.959346 2.013186 
1.967341 0.622691 
9.241708 1.188824 
6.060631 0.262740 
0.744213 0.307324 
5.487411 8.031464 
9.311136 6.772580 
0.258792 7.944796 
9.580167 5.658448 
7.267748 6.999353 
3.027203 6.031799 
6.585846 1.466670 
7.109324 1.601336 
4.451423 9.554550 
6.441954 5.937716 
0.477379 4.445838 
8.085928 0.413773 
9.570986 4.544357 
5.151020 6.341885 
8.380045 6.408386 
5.525458 9.669184 
7.616923 6.644137 
9.142517 1.798044 
0.039019 8.598280 
9.208367 8.921250 
1.844468 2.841545 
0.216221 5.872361 
1.383817 3.761174 
2.528862 2.404852 
6.325294 4.951431 
2.978081 6.400695 
2.488544 1.929450 
5.345582 4.450833 
8.350625 7.439662 
3.421623 7.014200 
1.442202 3.052079 
8.028069 4.848293 
2.516294 1.629194 
0.081220 9.966439 
2.301742 3.578879 
4.640103 9.548559 
5.534425 4.433427 
7.432402 6.019780 
4.057350 0.518742 
8.606398 4.721505 
7.920961 7.788842 
6.529896 8.697653 
3.729223 9.617689 
1.172865 2.129205 
3.712186 0.377224 
0.021495 7.346149 
2.329353 7.078842 
9.255525 1.307103 
6.018198 9.725943 
0.627223 7.060586 
7.580171 5.543654 
2.670914 8.240558 
4.559688 2.759008 
4.493119 9.607310 
6.299295 2.809213 
3.950393 2.786215 
7.487608 7.988276 
9.127673 2.633144 
4.774750 4.226182 
6.209357 2.125620 
3.894773 0.091702 
8.900228 4.561545 
9.848239 5.057578 
4.222975 4.162600 
8.409052 4.031811 
6.774645 3.092078 
2.448698 1.055095 
5.815507 5.754238 
6.077419 9.617150 
9.998242 5.944347 
7.633166 1.345763 
9.916789 1.815562 
2.221407 4.623365 
0.738420 1.273396 
9.896229 5.324048 
6.406704 5.361717 
6.959263 3.232937 
6.924851 4.430675 
4.035856 8.239678 
6.973748 9.353341 
1.304593 6.595672 
9.777903 5.867686 
1.489058 5.339399 
2.184028 8.697874 
7.834369 9.191990 
9.361581 6.416939 
5.241992 4.301755 
5.617010 1.906829 
2.482401 9.057794 
1.751944 3.987206 
6.353637 7.004960 
6.097728 6.871393 
9.580340 8.779453 
7.267956 0.256409 
7.582125 1.314563 
8.506429 2.728943 
3.290167 6.079130 
6.543986 0.829522 
5.172356 4.497254 
1.497479 6.016011 
2.010015 4.201326 
8.277904 6.681528 
0.039216 4.278938 
3.109122 5.725612 
7.650230 7.712104 
4.769157 3.582748 
2.095455 6.063821 
3.191431 9.699064 
9.568083 2.659110 
3.122415 5.093945 
8.427855 2.723436 
3.037242 9.820987 
2.372621 3.054553 
5.903442 5.589173 
7.432561 3.653492 
7.741066 5.835564 
3.603987 4.113983 
9.873516 4.099328 
5.918872 7.780987 
3.387722 6.808662 
7.527762 4.862876 
0.525080 0.597255 
7.688578 4.069023 
2.548428 3.609631 
0.495107 8.417443 
6.662694 1.184233 
9.691910 2.139449 
5.993203 3.463679 
9.533923 3.777153 
2.768614 5.021038 
1.955134 2.196891 
5.158297 2.222594 
4.007125 7.086748 
6.812845 5.708422 
0.103859 6.818254 
4.391329 4.864804 
1.274165 8.506112 
0.948497 4.496451 
1.549391 9.861764 
7.304695 1.237089 
9.669582 9.193186 
6.268768 3.415981 
0.178713 4.896710 
1.802760 8.171685 
1.144003 9.047795 
1.473573 8.356787 
7.871127 8.783490 
5.816885 8.537766 
1.203419 3.417248 
7.112184 4.395067 
2.664912 9.415226 
5.249562 7.645304 
0.550507 4.341149 
2.691257 5.220198 
3.472152 9.734955 
5.978306 0.400952 
1.576084 6.971123 
0.833386 6.820394 
9.388002 3.124925 
7.938056 9.709216 
9.374776 3.624116 
5.367438 1.476973 
6.045818 7.283231 
2.273689 4.817080 
1.394997 4.242489 
5.287220 0.199337 
5.020588 3.631997 
6.732746 7.301815 
8.382182 1.276825 
5.359372 8.276594 
5.505752 5.450016 
5.417632 0.294149 
9.626228 3.668978 
0.586735 8.479793 
3.143813 3.571992 
7.855500 6.952393 
6.812892 4.835791 
8.657485 9.446335 
6.964510 8.277153 
3.911282 0.446736 
3.508835 8.265937 
4.918059 9.108613 
7.965080 9.012759 
6.121568 2.967044 
6.775127 9.993404 
5.839739 6.160303 
4.471075 6.389101 
0.790115 7.155859 
9.432482 6.428527 
6.062592 2.888434 
5.408043 2.688292 
1.045194 3.837036 
4.046935 9.443985 
6.096951 5.029193 
0.814498 0.307966 
1.124210 5.736703 
2.090437 0.383727 
5.547430 4.185310 
8.130160 2.903699 
1.147634 9.719127 
4.002833 6.753310 
5.458375 6.231416 
2.074063 4.858008 
0.056652 8.711068 
7.283778 3.597703 
4.652419 3.531078 
0.368427 6.254670 
9.621939 3.646622 
5.304862 5.652314 
5.888796 9.345918 
0.009446 6.476067 
5.619194 2.051744 
3.791588 2.484235 
2.681286 9.116497 
7.616883 0.585951 
8.820700 8.475952 
6.408716 3.636040 
2.115649 4.863262 
2.961133 2.214946 
0.264269 2.225205 
5.786355 9.102057 
4.799836 7.706611 
5.821046 1.096240 
4.772630 4.802362 
4.198165 4.598501 
9.211999 6.438240 
8.156827 4.058457 
3.186110 7.312209 
9.619068 7.142398 
7.091490 1.428940 
2.891983 8.292498 
1.763845 3.499468 
4.445606 9.166248 
1.859877 3.205298 
3.210096 0.371019 
9.309481 2.594706 
2.140205 3.903767 
4.925439 6.276712 
7.511817 3.645740 
3.337325 3.982588 
0.134009 0.855622 
3.167764 4.846488 
9.709207 2.417936 
4.101383 8.990294 
8.297957 5.681894 
6.938329 9.017373 
0.674274 5.422373 
5.234852 0.122764 
5.158715 4.842571 
4.342523 8.234941 
2.690543 5.839835 
0.184519 7.109027 
7.200997 6.472765 
3.412567 8.827622 
5.977552 6.095772 
9.018244 9.752731 
3.390616 0.188159 
8.052951 9.488828 
3.640252 3.036823 
5.357354 0.889729 
3.115736 7.029469 
7.454804 8.860179 
0.327629 6.813289 
7.391685 0.282418 
9.544035 9.375514 
5.259962 4.039887 
7.565868 5.071029 
5.336347 1.812811 
7.345393 7.420744 
8.387151 3.387004 
3.188060 3.578290 
4.151852 8.147878 
3.976302 9.370554 
6.063751 0.611284 
7.005844 8.802896 
4.397832 0.022849 
0.722705 4.811832 
8.301851 9.694263 
0.957650 5.864964 
0.662396 1.567011 
9.181591 0.543964 
5.687072 2.954913 
8.912698 2.982596 
5.492157 1.276247 
7.927272 9.004647 
7.638597 0.288254 
7.282012 3.305829 
8.487897 0.398768 
7.900521 9.884209 
2.251330 6.835996 
3.499572 0.735298 
7.902530 2.392552 
0.487866 3.285632 
5.875252 8.051146 
1.626968 3.621847 
6.979024 3.083088 
2.020652 5.142570 
8.381744 1.985331 
9.135618 2.281136 
8.009703 1.780204 
5.071248 6.368962 
1.336913 9.566339 
4.775152 6.568405 
7.208903 5.863071 
0.240904 1.120596 
5.971366 7.477298 
8.007297 2.565233 
2.362253 6.106927 
8.171313 5.980562 
7.577824 3.728111 
5.060100 2.482317 
2.945916 1.834662 
2.817127 6.534549 
7.439107 1.158598 
1.056843 7.586818 
5.499415 5.064548 
0.446175 6.728625 
5.158826 7.757031 
1.852423 2.553936 
3.174998 3.728216 
7.765523 1.765800 
1.064452 8.214955 
2.278196 9.926625 
5.873880 6.791625 
4.322968 2.153849 
7.837180 6.980803 
1.404933 1.324223 
8.456783 5.203223 
7.085175 2.045247 
1.118788 6.273009 
6.747648 4.722697 
1.479309 6.733147 
4.410595 1.054566 
7.521093 0.755600 
0.520294 3.496348 
5.691682 6.042112 
2.447081 0.519250 
0.878293 4.018080 
0.124452 4.183846 
1.320144 2.233516 
5.058442 3.215541 
5.701310 1.853493 
4.613809 9.329220 
4.724469 5.754584 
4.357616 8.997528 
5.351779 2.849015 
3.038398 8.923890 
1.278872 4.847897 
8.382955 4.702238 
3.582064 2.030501 
7.830693 7.637344 
5.386156 7.371423 
0.433661 9.589774 
4.506452 0.640568 
0.805546 3.207301 
6.847791 0.981633 
8.196309 5.561419 
9.786400 8.842714 
9.625315 1.120981 
2.200147 9.419886 
9.923515 8.419963 
7.477286 2.857834 
1.323948 6.921817 
5.672770 1.606999 
2.296153 1.490535 
4.701018 2.296605 
8.963620 5.851433 
0.667947 6.049058 
4.253516 7.009070 
3.349450 5.622504 
3.645206 9.768064 
1.523063 9.199386 
9.295710 3.017371 
3.836378 6.649131 
2.321700 7.523451 
6.169527 3.344422 
1.301133 5.164205 
8.148077 1.868413 
7.845567 8.355065 
0.511539 2.239339 
2.332441 9.699596 
5.353798 5.577467 
1.187417 2.535648 
5.049166 1.780289 
0.362866 9.687604 
9.691377 1.049867 
5.198438 7.246487 
3.295056 5.334646 
2.167519 7.051571 
6.628799 8.453849 
4.204822 6.154180 
5.801509 9.163526 
0.825059 6.835273 
3.441057 2.249166 
3.924665 2.174931 
6.516792 1.804720 
3.691565 9.371407 
5.529056 5.600260 
9.544320 9.910223 
2.156905 2.903313 
7.606565 9.615817 
3.162493 5.559934 
9.929444 1.496749 
7.666190 2.218881 
0.502475 9.551516 
4.048424 1.062097 
6.616182 4.650856 
3.495005 1.245679 
9.140145 2.587341 
7.689474 5.165763 
8.522586 6.413115 
8.796973 8.222016 
6.039805 9.460977 
4.057599 9.360385 
4.426392 3.827231 
5.158484 2.938846 
5.732115 7.995809 
9.926852 5.077714 
8.323742 7.860027 
8.617954 0.794402 
8.805818 5.478020 
1.589787 0.026602 
7.169945 6.320989 
5.731666 1.621381 
9.501722 9.933561 
4.399642 3.416231 
8.676056 5.715159 
6.491996 8.792187 
2.917483 7.569791 
9.112677 1.264210 
8.688085 8.880818 
0.412728 3.908945 
6.321875 9.887210 
7.816022 5.942200 
0.828812 0.340766 
6.362923 6.664910 
2.341868 8.490244 
6.228363 3.268339 
9.844483 9.598956 
5.586985 0.694337 
8.288902 3.185863 
6.212338 7.213893 
0.989200 0.072724 
4.847770 0.533375 
3.379108 4.449376 
6.524264 0.093956 
4.431517 0.062757 
9.857786 8.310529 
5.256419 8.726019 
5.496737 3.380694 
7.121445 6.949363 
8.589746 8.038686 
9.525826 2.636357 
7.078175 0.577459 
0.928009 7.624346 
5.020802 3.388079 
7.417651 4.776118 
6.705398 5.426735 
6.320105 6.871547 
4.928606 3.831301 
5.606316 6.033908 
6.232856 3.769428 
6.648259 8.601942 
5.803891 3.174810 
4.603954 9.467046 
3.165729 7.686268 
9.817478 2.394506 
2.845148 2.808607 
6.367875 0.112097 
4.591098 2.900230 
6.804732 6.695753 
3.800962 8.483523 
1.605635 5.365268 
7.487213 8.242015 
3.134603 0.752179 
6.940759 4.078169 
5.303142 2.228728 
7.665032 2.645401 
7.819904 4.189474 
6.874692 1.080177 
9.433520 5.276507 
5.498009 9.249417 
0.432640 4.834407 
9.111865 0.693356 
4.952903 1.943169 
1.100186 1.164815 
7.821824 8.536777 
6.749569 1.594861 
9.696441 4.823207 
6.805502 0.343804 
2.172436 8.932387 
5.565913 6.644457 
1.470388 6.220881 
4.656627 2.470210 
4.877776 1.439680 
7.561160 2.686281 
0.740149 2.548989 
6.426075 3.000639 
0.806447 3.878269 
2.008833 0.330188 
9.134619 4.132360 
7.825626 3.531545 
6.559264 7.807707 
8.464993 8.518482 
2.825350 8.031104 
6.738106 0.755563 
2.854630 9.488655 
9.701550 3.738107 
2.647184 5.857143 
0.081944 0.410370 
5.416812 4.077571 
4.011640 9.004562 
1.143279 2.714539 
8.601229 4.493788 
0.917489 0.952854 
1.028993 4.501432 
0.286137 7.482028 
2.015913 2.324211 
4.830302 8.713094 
4.311458 5.374862 
1.256961 8.010463 
6.640519 6.193924 
0.031402 4.136731 
0.136831 0.766720 
5.691848 9.608012 
4.241144 8.776015 
